Script started on Thu Nov 20 21:32:26 2014
KDB+ 3.2 2014.10.04 Copyright (C) 1993-2014 Kx Systems
m32/ 2()core 4096MB Darren darren-levys-imac.local 192.168.2.6 NONEXPIRE  

Welcome to kdb+ 32bit edition
For support please see http://groups.google.com/d/forum/personal-kdbplus
Tutorials can be found at http://code.kx.com/wiki/Tutorials
To exit, type \\
To remove this startup msg, edit q.q
`:trades.csv
0D00:00:03.679549000
(`s#+(,`x)!,`s#0 1 2 3 4 5 6 7 8 9)!+(,`thewavg)!,(,111.708;,307.3007;,290.7393;,148.628;,236.1657;,442.2771;,474.0822;,482.8019;,206.6046;,407.5864)
0D00:00:03.018519000
(`s#+(,`x)!,`s#0 1 2 3 4 5 6 7 8 9)!+(,`themavg)!,(,219 217 215.6667 214.25 213.2 211.8333 210.4286 208.75 207.1111 206 203.2 200.6 197.7 195.5 192.9 190.8 188.6 186.5 184.2 181.3 178.7 176.1 173.9 171.1 168.4 165.3 162.5 160 157.6 155.5 153.5 151.4 149.8 148 146.5 144.9 143.3 141.5 139.7 137.8 136.5 135.1 133.2 131.2 129.1 127.1 124.7 122.1 119.8 117.4 114.1 110.8 107.2 103.7 100 96.3 93 90.6 88.8 87 85.2 83.4 82.1 80.9 79.8 78.8 77.8 76.5 74.2 71.9 69.9 67.8 65.3 62.9 60.7 59 57.3 55.7 54.5 53.3 52.7 52.2 51.9 52.2 53.1 53.3 53.2 52.8 53 53.4 53 52.9 53 52.8 51.9 51.8 51.8 51.8 51.8 51.5 51.6;,196 196.5 197 198.5 199.6 200.5 201.2857 202 203 204 205.9 208.1 210.6 212.9 214.7 216.8 218.9 221.4 224 226.8 229.2 231.6 234.1 236.6 239.3 241.3 243.4 245.2 246.8 248.3 250.4 252.6 254.7 257 259.7 263 266 269.2 271.8 274.6 277.3 280 282.7 285.1 287.6 290.1 293.1 296 299.4 302.2 304.9 307.2 309.6 312 314.2 316.4 318.5 320.6 322.6 324.5 326.4 328.6 330.2 331.7 333.2 334.8 336.4 337.3 338.6 3..
0D00:00:03.993243000
(`s#+(,`x)!,`s#0 1 2 3 4 5 6 7 8 9)!+(,`themwavg)!,(,219 217.5094 214.5066 213.5568 213.5113 212.8137 211.1756 209.2635 205.2396 204.2539 200.925 199.5653 196.2308 194.3099 192.0599 190.7952 188.6585 187.1422 183.0587 179.9202 176.7547 174.6715 172.987 171.6022 168.6734 165.661 163.756 161.0827 158.0405 155.1349 153.7857 151.9919 149.9265 148.547 146.435 143.9563 142.8685 141.1255 139.1459 136.4467 135.5838 134.0986 133.1843 132.5005 130.9537 128.4998 126.7223 123.4867 121.5364 119.2644 115.7808 108.0902 102.339 100.0975 99.62633 95.32804 93.91959 90.90008 89.47778 87.9375 87.30927 84.65333 82.79045 82.05525 80.94792 78.97583 78.30028 76.71449 74.79875 69.83578 68.30321 66.10545 63.65894 62.22735 60.24074 57.91496 56.6293 55.04833 54.66713 53.0859 52.55628 52.26109 52.00786 52.17154 53.0609 53.08027 52.89952 52.76813 53.00963 53.68933 53.2902 52.85532 52.93385 52.87308 51.71046 51.82021 51.93126 51.95845 52.0612 51.63142 51.67028;,196 196.7862 196.9255 199.1594 199.4699 199.6721 200..
+(,`price)!,,213
0D00:00:00.111076000

Script done on Thu Nov 20 21:34:52 2014
